acc_x_offset: -0.2751705646514893
acc_y_offset: 0.2122873365879059
angular_vel_z_offset: -0.001087784883566201